0.000000000000000000e+00 0.000000000000000000e+00 0.000000000000000000e+00 0.000000000000000000e+00 -1.000000000000000000e+00 -1.000000000000000000e+00 -1.000000000000000000e+00 -1.000000000000000000e+00 -2.000000000000000000e+00 -2.000000000000000000e+00
0.000000000000000000e+00 -1.000000000000000000e+00 -1.000000000000000000e+00 -2.000000000000000000e+00 -2.000000000000000000e+00 -2.000000000000000000e+00 -2.000000000000000000e+00 -3.000000000000000000e+00 -3.000000000000000000e+00 -3.000000000000000000e+00
0.000000000000000000e+00 0.000000000000000000e+00 0.000000000000000000e+00 1.000000000000000000e+00 1.000000000000000000e+00 1.000000000000000000e+00 1.000000000000000000e+00 1.000000000000000000e+00 1.000000000000000000e+00 1.000000000000000000e+00
0.000000000000000000e+00 1.000000000000000000e+00 0.000000000000000000e+00 -1.000000000000000000e+00 0.000000000000000000e+00 0.000000000000000000e+00 -1.000000000000000000e+00 0.000000000000000000e+00 -1.000000000000000000e+00 -1.000000000000000000e+00
0.000000000000000000e+00 -1.000000000000000000e+00 -1.000000000000000000e+00 -2.000000000000000000e+00 -2.000000000000000000e+00 -2.000000000000000000e+00 -2.000000000000000000e+00 -3.000000000000000000e+00 -3.000000000000000000e+00 -3.000000000000000000e+00
0.000000000000000000e+00 0.000000000000000000e+00 0.000000000000000000e+00 1.000000000000000000e+00 1.000000000000000000e+00 1.000000000000000000e+00 1.000000000000000000e+00 1.000000000000000000e+00 1.000000000000000000e+00 1.000000000000000000e+00
0.000000000000000000e+00 1.000000000000000000e+00 1.000000000000000000e+00 0.000000000000000000e+00 0.000000000000000000e+00 0.000000000000000000e+00 0.000000000000000000e+00 0.000000000000000000e+00 -1.000000000000000000e+00 -1.000000000000000000e+00
0.000000000000000000e+00 -1.000000000000000000e+00 -1.000000000000000000e+00 -2.000000000000000000e+00 -2.000000000000000000e+00 -2.000000000000000000e+00 -2.000000000000000000e+00 -3.000000000000000000e+00 -3.000000000000000000e+00 -3.000000000000000000e+00
0.000000000000000000e+00 0.000000000000000000e+00 0.000000000000000000e+00 1.000000000000000000e+00 1.000000000000000000e+00 1.000000000000000000e+00 1.000000000000000000e+00 1.000000000000000000e+00 1.000000000000000000e+00 1.000000000000000000e+00
0.000000000000000000e+00 1.000000000000000000e+00 0.000000000000000000e+00 0.000000000000000000e+00 0.000000000000000000e+00 0.000000000000000000e+00 0.000000000000000000e+00 0.000000000000000000e+00 -1.000000000000000000e+00 -1.000000000000000000e+00
0.000000000000000000e+00 -1.000000000000000000e+00 -1.000000000000000000e+00 -2.000000000000000000e+00 -2.000000000000000000e+00 -2.000000000000000000e+00 -2.000000000000000000e+00 -3.000000000000000000e+00 -3.000000000000000000e+00 -3.000000000000000000e+00
0.000000000000000000e+00 0.000000000000000000e+00 0.000000000000000000e+00 1.000000000000000000e+00 1.000000000000000000e+00 1.000000000000000000e+00 1.000000000000000000e+00 1.000000000000000000e+00 1.000000000000000000e+00 1.000000000000000000e+00
0.000000000000000000e+00 1.000000000000000000e+00 0.000000000000000000e+00 0.000000000000000000e+00 0.000000000000000000e+00 2.000000000000000000e+00 -2.000000000000000000e+00 0.000000000000000000e+00 0.000000000000000000e+00 0.000000000000000000e+00
0.000000000000000000e+00 -1.000000000000000000e+00 -1.000000000000000000e+00 -2.000000000000000000e+00 -2.000000000000000000e+00 -2.000000000000000000e+00 -2.000000000000000000e+00 -3.000000000000000000e+00 -3.000000000000000000e+00 -3.000000000000000000e+00
0.000000000000000000e+00 0.000000000000000000e+00 0.000000000000000000e+00 1.000000000000000000e+00 1.000000000000000000e+00 1.000000000000000000e+00 1.000000000000000000e+00 1.000000000000000000e+00 1.000000000000000000e+00 1.000000000000000000e+00
0.000000000000000000e+00 1.000000000000000000e+00 0.000000000000000000e+00 0.000000000000000000e+00 0.000000000000000000e+00 -2.000000000000000000e+00 -1.000000000000000000e+00 -1.000000000000000000e+00 -2.000000000000000000e+00 -1.000000000000000000e+00
0.000000000000000000e+00 -1.000000000000000000e+00 -1.000000000000000000e+00 -2.000000000000000000e+00 -2.000000000000000000e+00 -2.000000000000000000e+00 -2.000000000000000000e+00 -3.000000000000000000e+00 -3.000000000000000000e+00 -3.000000000000000000e+00
0.000000000000000000e+00 0.000000000000000000e+00 0.000000000000000000e+00 1.000000000000000000e+00 1.000000000000000000e+00 1.000000000000000000e+00 1.000000000000000000e+00 1.000000000000000000e+00 1.000000000000000000e+00 1.000000000000000000e+00
0.000000000000000000e+00 1.000000000000000000e+00 1.000000000000000000e+00 1.000000000000000000e+00 1.000000000000000000e+00 1.000000000000000000e+00 1.000000000000000000e+00 1.000000000000000000e+00 -1.000000000000000000e+00 -1.000000000000000000e+00
0.000000000000000000e+00 -1.000000000000000000e+00 -1.000000000000000000e+00 -2.000000000000000000e+00 -2.000000000000000000e+00 -2.000000000000000000e+00 -2.000000000000000000e+00 -3.000000000000000000e+00 -3.000000000000000000e+00 -3.000000000000000000e+00
0.000000000000000000e+00 0.000000000000000000e+00 0.000000000000000000e+00 1.000000000000000000e+00 1.000000000000000000e+00 1.000000000000000000e+00 1.000000000000000000e+00 1.000000000000000000e+00 1.000000000000000000e+00 1.000000000000000000e+00
0.000000000000000000e+00 1.000000000000000000e+00 0.000000000000000000e+00 0.000000000000000000e+00 0.000000000000000000e+00 -1.000000000000000000e+00 -1.000000000000000000e+00 -1.000000000000000000e+00 -1.000000000000000000e+00 -1.000000000000000000e+00
0.000000000000000000e+00 -1.000000000000000000e+00 -1.000000000000000000e+00 -2.000000000000000000e+00 -2.000000000000000000e+00 -2.000000000000000000e+00 -2.000000000000000000e+00 -3.000000000000000000e+00 -3.000000000000000000e+00 -3.000000000000000000e+00
0.000000000000000000e+00 0.000000000000000000e+00 0.000000000000000000e+00 1.000000000000000000e+00 1.000000000000000000e+00 1.000000000000000000e+00 1.000000000000000000e+00 1.000000000000000000e+00 1.000000000000000000e+00 1.000000000000000000e+00
0.000000000000000000e+00 1.000000000000000000e+00 0.000000000000000000e+00 -1.000000000000000000e+00 -2.000000000000000000e+00 -2.000000000000000000e+00 -2.000000000000000000e+00 -2.000000000000000000e+00 -3.000000000000000000e+00 -3.000000000000000000e+00
0.000000000000000000e+00 -1.000000000000000000e+00 -1.000000000000000000e+00 -2.000000000000000000e+00 -2.000000000000000000e+00 -2.000000000000000000e+00 -2.000000000000000000e+00 -3.000000000000000000e+00 -3.000000000000000000e+00 -3.000000000000000000e+00
0.000000000000000000e+00 0.000000000000000000e+00 0.000000000000000000e+00 1.000000000000000000e+00 1.000000000000000000e+00 1.000000000000000000e+00 1.000000000000000000e+00 1.000000000000000000e+00 1.000000000000000000e+00 1.000000000000000000e+00
0.000000000000000000e+00 1.000000000000000000e+00 0.000000000000000000e+00 -1.000000000000000000e+00 -1.000000000000000000e+00 -3.000000000000000000e+00 -3.000000000000000000e+00 -2.000000000000000000e+00 -3.000000000000000000e+00 -3.000000000000000000e+00
0.000000000000000000e+00 -1.000000000000000000e+00 -1.000000000000000000e+00 -2.000000000000000000e+00 -2.000000000000000000e+00 -2.000000000000000000e+00 -2.000000000000000000e+00 -3.000000000000000000e+00 -3.000000000000000000e+00 -3.000000000000000000e+00
0.000000000000000000e+00 0.000000000000000000e+00 0.000000000000000000e+00 1.000000000000000000e+00 1.000000000000000000e+00 1.000000000000000000e+00 1.000000000000000000e+00 1.000000000000000000e+00 1.000000000000000000e+00 1.000000000000000000e+00
0.000000000000000000e+00 1.000000000000000000e+00 0.000000000000000000e+00 0.000000000000000000e+00 0.000000000000000000e+00 0.000000000000000000e+00 -1.000000000000000000e+00 -1.000000000000000000e+00 -2.000000000000000000e+00 -2.000000000000000000e+00
0.000000000000000000e+00 -1.000000000000000000e+00 -1.000000000000000000e+00 -2.000000000000000000e+00 -2.000000000000000000e+00 -2.000000000000000000e+00 -2.000000000000000000e+00 -3.000000000000000000e+00 -3.000000000000000000e+00 -3.000000000000000000e+00
0.000000000000000000e+00 0.000000000000000000e+00 0.000000000000000000e+00 1.000000000000000000e+00 1.000000000000000000e+00 1.000000000000000000e+00 1.000000000000000000e+00 1.000000000000000000e+00 1.000000000000000000e+00 1.000000000000000000e+00
0.000000000000000000e+00 1.000000000000000000e+00 0.000000000000000000e+00 -1.000000000000000000e+00 -2.000000000000000000e+00 -1.000000000000000000e+00 -1.000000000000000000e+00 -1.000000000000000000e+00 -1.000000000000000000e+00 -1.000000000000000000e+00
0.000000000000000000e+00 -1.000000000000000000e+00 -1.000000000000000000e+00 -2.000000000000000000e+00 -2.000000000000000000e+00 -2.000000000000000000e+00 -2.000000000000000000e+00 -3.000000000000000000e+00 -3.000000000000000000e+00 -3.000000000000000000e+00
0.000000000000000000e+00 0.000000000000000000e+00 0.000000000000000000e+00 1.000000000000000000e+00 1.000000000000000000e+00 1.000000000000000000e+00 1.000000000000000000e+00 1.000000000000000000e+00 1.000000000000000000e+00 1.000000000000000000e+00
0.000000000000000000e+00 1.000000000000000000e+00 0.000000000000000000e+00 0.000000000000000000e+00 0.000000000000000000e+00 -1.000000000000000000e+00 -1.000000000000000000e+00 -1.000000000000000000e+00 -1.000000000000000000e+00 -1.000000000000000000e+00
0.000000000000000000e+00 -1.000000000000000000e+00 -1.000000000000000000e+00 -2.000000000000000000e+00 -2.000000000000000000e+00 -2.000000000000000000e+00 -2.000000000000000000e+00 -3.000000000000000000e+00 -3.000000000000000000e+00 -3.000000000000000000e+00
0.000000000000000000e+00 0.000000000000000000e+00 0.000000000000000000e+00 1.000000000000000000e+00 1.000000000000000000e+00 1.000000000000000000e+00 1.000000000000000000e+00 1.000000000000000000e+00 1.000000000000000000e+00 1.000000000000000000e+00
0.000000000000000000e+00 1.000000000000000000e+00 1.000000000000000000e+00 1.000000000000000000e+00 2.000000000000000000e+00 2.000000000000000000e+00 2.000000000000000000e+00 2.000000000000000000e+00 2.000000000000000000e+00 -1.000000000000000000e+00
0.000000000000000000e+00 -1.000000000000000000e+00 -1.000000000000000000e+00 -2.000000000000000000e+00 -2.000000000000000000e+00 -2.000000000000000000e+00 -2.000000000000000000e+00 -3.000000000000000000e+00 -3.000000000000000000e+00 -3.000000000000000000e+00
0.000000000000000000e+00 0.000000000000000000e+00 0.000000000000000000e+00 1.000000000000000000e+00 1.000000000000000000e+00 1.000000000000000000e+00 1.000000000000000000e+00 1.000000000000000000e+00 1.000000000000000000e+00 1.000000000000000000e+00
0.000000000000000000e+00 1.000000000000000000e+00 0.000000000000000000e+00 -1.000000000000000000e+00 0.000000000000000000e+00 0.000000000000000000e+00 -1.000000000000000000e+00 0.000000000000000000e+00 -1.000000000000000000e+00 -2.000000000000000000e+00
0.000000000000000000e+00 -1.000000000000000000e+00 -1.000000000000000000e+00 -2.000000000000000000e+00 -2.000000000000000000e+00 -2.000000000000000000e+00 -2.000000000000000000e+00 -3.000000000000000000e+00 -3.000000000000000000e+00 -3.000000000000000000e+00
0.000000000000000000e+00 0.000000000000000000e+00 0.000000000000000000e+00 1.000000000000000000e+00 1.000000000000000000e+00 1.000000000000000000e+00 1.000000000000000000e+00 1.000000000000000000e+00 1.000000000000000000e+00 1.000000000000000000e+00
0.000000000000000000e+00 1.000000000000000000e+00 0.000000000000000000e+00 1.000000000000000000e+00 1.000000000000000000e+00 0.000000000000000000e+00 1.000000000000000000e+00 1.000000000000000000e+00 1.000000000000000000e+00 2.000000000000000000e+00
0.000000000000000000e+00 -1.000000000000000000e+00 -1.000000000000000000e+00 -2.000000000000000000e+00 -2.000000000000000000e+00 -2.000000000000000000e+00 -2.000000000000000000e+00 -3.000000000000000000e+00 -3.000000000000000000e+00 -3.000000000000000000e+00
0.000000000000000000e+00 0.000000000000000000e+00 0.000000000000000000e+00 1.000000000000000000e+00 1.000000000000000000e+00 1.000000000000000000e+00 1.000000000000000000e+00 1.000000000000000000e+00 1.000000000000000000e+00 1.000000000000000000e+00
0.000000000000000000e+00 0.000000000000000000e+00 1.000000000000000000e+00 0.000000000000000000e+00 -1.000000000000000000e+00 -1.000000000000000000e+00 -1.000000000000000000e+00 0.000000000000000000e+00 -2.000000000000000000e+00 -2.000000000000000000e+00
0.000000000000000000e+00 -1.000000000000000000e+00 -1.000000000000000000e+00 -2.000000000000000000e+00 -2.000000000000000000e+00 -2.000000000000000000e+00 -2.000000000000000000e+00 -3.000000000000000000e+00 -3.000000000000000000e+00 -3.000000000000000000e+00
0.000000000000000000e+00 0.000000000000000000e+00 0.000000000000000000e+00 1.000000000000000000e+00 1.000000000000000000e+00 1.000000000000000000e+00 1.000000000000000000e+00 1.000000000000000000e+00 1.000000000000000000e+00 1.000000000000000000e+00
0.000000000000000000e+00 1.000000000000000000e+00 1.000000000000000000e+00 0.000000000000000000e+00 0.000000000000000000e+00 0.000000000000000000e+00 0.000000000000000000e+00 0.000000000000000000e+00 0.000000000000000000e+00 0.000000000000000000e+00
0.000000000000000000e+00 -1.000000000000000000e+00 -1.000000000000000000e+00 -2.000000000000000000e+00 -2.000000000000000000e+00 -2.000000000000000000e+00 -2.000000000000000000e+00 -3.000000000000000000e+00 -3.000000000000000000e+00 -3.000000000000000000e+00
0.000000000000000000e+00 0.000000000000000000e+00 0.000000000000000000e+00 1.000000000000000000e+00 1.000000000000000000e+00 1.000000000000000000e+00 1.000000000000000000e+00 1.000000000000000000e+00 1.000000000000000000e+00 1.000000000000000000e+00
0.000000000000000000e+00 1.000000000000000000e+00 1.000000000000000000e+00 2.000000000000000000e+00 2.000000000000000000e+00 2.000000000000000000e+00 3.000000000000000000e+00 3.000000000000000000e+00 3.000000000000000000e+00 3.000000000000000000e+00
0.000000000000000000e+00 -1.000000000000000000e+00 -1.000000000000000000e+00 -2.000000000000000000e+00 -2.000000000000000000e+00 -2.000000000000000000e+00 -2.000000000000000000e+00 -3.000000000000000000e+00 -3.000000000000000000e+00 -3.000000000000000000e+00
0.000000000000000000e+00 0.000000000000000000e+00 0.000000000000000000e+00 1.000000000000000000e+00 1.000000000000000000e+00 1.000000000000000000e+00 1.000000000000000000e+00 1.000000000000000000e+00 1.000000000000000000e+00 1.000000000000000000e+00
0.000000000000000000e+00 1.000000000000000000e+00 1.000000000000000000e+00 1.000000000000000000e+00 0.000000000000000000e+00 0.000000000000000000e+00 -1.000000000000000000e+00 -1.000000000000000000e+00 -2.000000000000000000e+00 -2.000000000000000000e+00
0.000000000000000000e+00 -1.000000000000000000e+00 -1.000000000000000000e+00 -2.000000000000000000e+00 -2.000000000000000000e+00 -2.000000000000000000e+00 -2.000000000000000000e+00 -3.000000000000000000e+00 -3.000000000000000000e+00 -3.000000000000000000e+00
0.000000000000000000e+00 0.000000000000000000e+00 0.000000000000000000e+00 1.000000000000000000e+00 1.000000000000000000e+00 1.000000000000000000e+00 1.000000000000000000e+00 1.000000000000000000e+00 1.000000000000000000e+00 1.000000000000000000e+00
0.000000000000000000e+00 1.000000000000000000e+00 0.000000000000000000e+00 0.000000000000000000e+00 -1.000000000000000000e+00 -1.000000000000000000e+00 -2.000000000000000000e+00 -2.000000000000000000e+00 -2.000000000000000000e+00 -2.000000000000000000e+00
0.000000000000000000e+00 -1.000000000000000000e+00 -1.000000000000000000e+00 -2.000000000000000000e+00 -2.000000000000000000e+00 -2.000000000000000000e+00 -2.000000000000000000e+00 -3.000000000000000000e+00 -3.000000000000000000e+00 -3.000000000000000000e+00
0.000000000000000000e+00 0.000000000000000000e+00 0.000000000000000000e+00 1.000000000000000000e+00 1.000000000000000000e+00 1.000000000000000000e+00 1.000000000000000000e+00 1.000000000000000000e+00 1.000000000000000000e+00 1.000000000000000000e+00
0.000000000000000000e+00 1.000000000000000000e+00 0.000000000000000000e+00 -2.000000000000000000e+00 -2.000000000000000000e+00 -2.000000000000000000e+00 -1.000000000000000000e+00 -1.000000000000000000e+00 -2.000000000000000000e+00 -2.000000000000000000e+00
0.000000000000000000e+00 -1.000000000000000000e+00 -1.000000000000000000e+00 -2.000000000000000000e+00 -2.000000000000000000e+00 -2.000000000000000000e+00 -2.000000000000000000e+00 -3.000000000000000000e+00 -3.000000000000000000e+00 -3.000000000000000000e+00
0.000000000000000000e+00 0.000000000000000000e+00 0.000000000000000000e+00 1.000000000000000000e+00 1.000000000000000000e+00 1.000000000000000000e+00 1.000000000000000000e+00 1.000000000000000000e+00 1.000000000000000000e+00 1.000000000000000000e+00
0.000000000000000000e+00 1.000000000000000000e+00 0.000000000000000000e+00 0.000000000000000000e+00 -1.000000000000000000e+00 -1.000000000000000000e+00 -1.000000000000000000e+00 -1.000000000000000000e+00 -1.000000000000000000e+00 -1.000000000000000000e+00
0.000000000000000000e+00 -1.000000000000000000e+00 -1.000000000000000000e+00 -2.000000000000000000e+00 -2.000000000000000000e+00 -2.000000000000000000e+00 -2.000000000000000000e+00 -3.000000000000000000e+00 -3.000000000000000000e+00 -3.000000000000000000e+00
0.000000000000000000e+00 0.000000000000000000e+00 0.000000000000000000e+00 1.000000000000000000e+00 1.000000000000000000e+00 1.000000000000000000e+00 1.000000000000000000e+00 1.000000000000000000e+00 1.000000000000000000e+00 1.000000000000000000e+00
0.000000000000000000e+00 0.000000000000000000e+00 0.000000000000000000e+00 0.000000000000000000e+00 0.000000000000000000e+00 0.000000000000000000e+00 0.000000000000000000e+00 0.000000000000000000e+00 -1.000000000000000000e+00 0.000000000000000000e+00
0.000000000000000000e+00 -1.000000000000000000e+00 -1.000000000000000000e+00 -2.000000000000000000e+00 -2.000000000000000000e+00 -2.000000000000000000e+00 -2.000000000000000000e+00 -3.000000000000000000e+00 -3.000000000000000000e+00 -3.000000000000000000e+00
0.000000000000000000e+00 0.000000000000000000e+00 0.000000000000000000e+00 1.000000000000000000e+00 1.000000000000000000e+00 1.000000000000000000e+00 1.000000000000000000e+00 1.000000000000000000e+00 1.000000000000000000e+00 1.000000000000000000e+00
0.000000000000000000e+00 1.000000000000000000e+00 1.000000000000000000e+00 1.000000000000000000e+00 1.000000000000000000e+00 1.000000000000000000e+00 1.000000000000000000e+00 1.000000000000000000e+00 1.000000000000000000e+00 1.000000000000000000e+00
0.000000000000000000e+00 -1.000000000000000000e+00 -1.000000000000000000e+00 -2.000000000000000000e+00 -2.000000000000000000e+00 -2.000000000000000000e+00 -2.000000000000000000e+00 -3.000000000000000000e+00 -3.000000000000000000e+00 -3.000000000000000000e+00
0.000000000000000000e+00 0.000000000000000000e+00 0.000000000000000000e+00 1.000000000000000000e+00 1.000000000000000000e+00 1.000000000000000000e+00 1.000000000000000000e+00 1.000000000000000000e+00 1.000000000000000000e+00 1.000000000000000000e+00
0.000000000000000000e+00 0.000000000000000000e+00 0.000000000000000000e+00 0.000000000000000000e+00 0.000000000000000000e+00 0.000000000000000000e+00 0.000000000000000000e+00 -2.000000000000000000e+00 -3.000000000000000000e+00 -3.000000000000000000e+00
0.000000000000000000e+00 -1.000000000000000000e+00 -1.000000000000000000e+00 -2.000000000000000000e+00 -2.000000000000000000e+00 -2.000000000000000000e+00 -2.000000000000000000e+00 -3.000000000000000000e+00 -3.000000000000000000e+00 -3.000000000000000000e+00
0.000000000000000000e+00 0.000000000000000000e+00 0.000000000000000000e+00 1.000000000000000000e+00 1.000000000000000000e+00 1.000000000000000000e+00 1.000000000000000000e+00 1.000000000000000000e+00 1.000000000000000000e+00 1.000000000000000000e+00
0.000000000000000000e+00 1.000000000000000000e+00 1.000000000000000000e+00 1.000000000000000000e+00 1.000000000000000000e+00 1.000000000000000000e+00 1.000000000000000000e+00 1.000000000000000000e+00 1.000000000000000000e+00 -2.000000000000000000e+00
0.000000000000000000e+00 -1.000000000000000000e+00 -1.000000000000000000e+00 -2.000000000000000000e+00 -2.000000000000000000e+00 -2.000000000000000000e+00 -2.000000000000000000e+00 -3.000000000000000000e+00 -3.000000000000000000e+00 -3.000000000000000000e+00
0.000000000000000000e+00 0.000000000000000000e+00 0.000000000000000000e+00 1.000000000000000000e+00 1.000000000000000000e+00 1.000000000000000000e+00 1.000000000000000000e+00 1.000000000000000000e+00 1.000000000000000000e+00 1.000000000000000000e+00
0.000000000000000000e+00 1.000000000000000000e+00 0.000000000000000000e+00 0.000000000000000000e+00 0.000000000000000000e+00 -2.000000000000000000e+00 -2.000000000000000000e+00 -2.000000000000000000e+00 -2.000000000000000000e+00 -3.000000000000000000e+00
0.000000000000000000e+00 -1.000000000000000000e+00 -1.000000000000000000e+00 -2.000000000000000000e+00 -2.000000000000000000e+00 -2.000000000000000000e+00 -2.000000000000000000e+00 -3.000000000000000000e+00 -3.000000000000000000e+00 -3.000000000000000000e+00
0.000000000000000000e+00 0.000000000000000000e+00 0.000000000000000000e+00 1.000000000000000000e+00 1.000000000000000000e+00 1.000000000000000000e+00 1.000000000000000000e+00 1.000000000000000000e+00 1.000000000000000000e+00 1.000000000000000000e+00
0.000000000000000000e+00 0.000000000000000000e+00 0.000000000000000000e+00 -1.000000000000000000e+00 0.000000000000000000e+00 0.000000000000000000e+00 -1.000000000000000000e+00 -1.000000000000000000e+00 -2.000000000000000000e+00 -2.000000000000000000e+00
0.000000000000000000e+00 -1.000000000000000000e+00 -1.000000000000000000e+00 -2.000000000000000000e+00 -2.000000000000000000e+00 -2.000000000000000000e+00 -2.000000000000000000e+00 -3.000000000000000000e+00 -3.000000000000000000e+00 -3.000000000000000000e+00
0.000000000000000000e+00 0.000000000000000000e+00 0.000000000000000000e+00 1.000000000000000000e+00 1.000000000000000000e+00 1.000000000000000000e+00 1.000000000000000000e+00 1.000000000000000000e+00 1.000000000000000000e+00 1.000000000000000000e+00
0.000000000000000000e+00 0.000000000000000000e+00 0.000000000000000000e+00 0.000000000000000000e+00 0.000000000000000000e+00 0.000000000000000000e+00 -1.000000000000000000e+00 -1.000000000000000000e+00 0.000000000000000000e+00 0.000000000000000000e+00
0.000000000000000000e+00 -1.000000000000000000e+00 -1.000000000000000000e+00 -2.000000000000000000e+00 -2.000000000000000000e+00 -2.000000000000000000e+00 -2.000000000000000000e+00 -3.000000000000000000e+00 -3.000000000000000000e+00 -3.000000000000000000e+00
0.000000000000000000e+00 0.000000000000000000e+00 0.000000000000000000e+00 1.000000000000000000e+00 1.000000000000000000e+00 1.000000000000000000e+00 1.000000000000000000e+00 1.000000000000000000e+00 1.000000000000000000e+00 1.000000000000000000e+00
0.000000000000000000e+00 1.000000000000000000e+00 0.000000000000000000e+00 -1.000000000000000000e+00 -2.000000000000000000e+00 -2.000000000000000000e+00 -2.000000000000000000e+00 -1.000000000000000000e+00 -2.000000000000000000e+00 -2.000000000000000000e+00
0.000000000000000000e+00 -1.000000000000000000e+00 -1.000000000000000000e+00 -2.000000000000000000e+00 -2.000000000000000000e+00 -2.000000000000000000e+00 -2.000000000000000000e+00 -3.000000000000000000e+00 -3.000000000000000000e+00 -3.000000000000000000e+00
0.000000000000000000e+00 0.000000000000000000e+00 0.000000000000000000e+00 1.000000000000000000e+00 1.000000000000000000e+00 1.000000000000000000e+00 1.000000000000000000e+00 1.000000000000000000e+00 1.000000000000000000e+00 1.000000000000000000e+00
0.000000000000000000e+00 1.000000000000000000e+00 0.000000000000000000e+00 0.000000000000000000e+00 -1.000000000000000000e+00 -2.000000000000000000e+00 -2.000000000000000000e+00 -1.000000000000000000e+00 -2.000000000000000000e+00 -2.000000000000000000e+00
0.000000000000000000e+00 -1.000000000000000000e+00 -1.000000000000000000e+00 -2.000000000000000000e+00 -2.000000000000000000e+00 -2.000000000000000000e+00 -2.000000000000000000e+00 -3.000000000000000000e+00 -3.000000000000000000e+00 -3.000000000000000000e+00
0.000000000000000000e+00 0.000000000000000000e+00 0.000000000000000000e+00 1.000000000000000000e+00 1.000000000000000000e+00 1.000000000000000000e+00 1.000000000000000000e+00 1.000000000000000000e+00 1.000000000000000000e+00 1.000000000000000000e+00
0.000000000000000000e+00 1.000000000000000000e+00 0.000000000000000000e+00 0.000000000000000000e+00 -1.000000000000000000e+00 -1.000000000000000000e+00 -1.000000000000000000e+00 -1.000000000000000000e+00 -3.000000000000000000e+00 -3.000000000000000000e+00
0.000000000000000000e+00 -1.000000000000000000e+00 -1.000000000000000000e+00 -2.000000000000000000e+00 -2.000000000000000000e+00 -2.000000000000000000e+00 -2.000000000000000000e+00 -3.000000000000000000e+00 -3.000000000000000000e+00 -3.000000000000000000e+00
0.000000000000000000e+00 0.000000000000000000e+00 0.000000000000000000e+00 1.000000000000000000e+00 1.000000000000000000e+00 1.000000000000000000e+00 1.000000000000000000e+00 1.000000000000000000e+00 1.000000000000000000e+00 1.000000000000000000e+00
0.000000000000000000e+00 0.000000000000000000e+00 0.000000000000000000e+00 0.000000000000000000e+00 -1.000000000000000000e+00 -1.000000000000000000e+00 -1.000000000000000000e+00 -1.000000000000000000e+00 -1.000000000000000000e+00 -1.000000000000000000e+00
0.000000000000000000e+00 -1.000000000000000000e+00 -1.000000000000000000e+00 -2.000000000000000000e+00 -2.000000000000000000e+00 -2.000000000000000000e+00 -2.000000000000000000e+00 -3.000000000000000000e+00 -3.000000000000000000e+00 -3.000000000000000000e+00
0.000000000000000000e+00 0.000000000000000000e+00 0.000000000000000000e+00 1.000000000000000000e+00 1.000000000000000000e+00 1.000000000000000000e+00 1.000000000000000000e+00 1.000000000000000000e+00 1.000000000000000000e+00 1.000000000000000000e+00
0.000000000000000000e+00 1.000000000000000000e+00 0.000000000000000000e+00 0.000000000000000000e+00 0.000000000000000000e+00 0.000000000000000000e+00 -1.000000000000000000e+00 -1.000000000000000000e+00 -2.000000000000000000e+00 -2.000000000000000000e+00
0.000000000000000000e+00 -1.000000000000000000e+00 -1.000000000000000000e+00 -2.000000000000000000e+00 -2.000000000000000000e+00 -2.000000000000000000e+00 -2.000000000000000000e+00 -3.000000000000000000e+00 -3.000000000000000000e+00 -3.000000000000000000e+00
0.000000000000000000e+00 0.000000000000000000e+00 0.000000000000000000e+00 1.000000000000000000e+00 1.000000000000000000e+00 1.000000000000000000e+00 1.000000000000000000e+00 1.000000000000000000e+00 1.000000000000000000e+00 1.000000000000000000e+00
0.000000000000000000e+00 1.000000000000000000e+00 0.000000000000000000e+00 0.000000000000000000e+00 0.000000000000000000e+00 0.000000000000000000e+00 0.000000000000000000e+00 0.000000000000000000e+00 -1.000000000000000000e+00 -2.000000000000000000e+00
0.000000000000000000e+00 -1.000000000000000000e+00 -1.000000000000000000e+00 -2.000000000000000000e+00 -2.000000000000000000e+00 -2.000000000000000000e+00 -2.000000000000000000e+00 -3.000000000000000000e+00 -3.000000000000000000e+00 -3.000000000000000000e+00
0.000000000000000000e+00 0.000000000000000000e+00 0.000000000000000000e+00 1.000000000000000000e+00 1.000000000000000000e+00 1.000000000000000000e+00 1.000000000000000000e+00 1.000000000000000000e+00 1.000000000000000000e+00 1.000000000000000000e+00
0.000000000000000000e+00 1.000000000000000000e+00 0.000000000000000000e+00 0.000000000000000000e+00 -1.000000000000000000e+00 -1.000000000000000000e+00 -1.000000000000000000e+00 -1.000000000000000000e+00 -1.000000000000000000e+00 0.000000000000000000e+00
0.000000000000000000e+00 -1.000000000000000000e+00 -1.000000000000000000e+00 -2.000000000000000000e+00 -2.000000000000000000e+00 -2.000000000000000000e+00 -2.000000000000000000e+00 -3.000000000000000000e+00 -3.000000000000000000e+00 -3.000000000000000000e+00
0.000000000000000000e+00 0.000000000000000000e+00 0.000000000000000000e+00 1.000000000000000000e+00 1.000000000000000000e+00 1.000000000000000000e+00 1.000000000000000000e+00 1.000000000000000000e+00 1.000000000000000000e+00 1.000000000000000000e+00
0.000000000000000000e+00 1.000000000000000000e+00 1.000000000000000000e+00 1.000000000000000000e+00 1.000000000000000000e+00 0.000000000000000000e+00 0.000000000000000000e+00 0.000000000000000000e+00 0.000000000000000000e+00 -2.000000000000000000e+00
0.000000000000000000e+00 -1.000000000000000000e+00 -1.000000000000000000e+00 -2.000000000000000000e+00 -2.000000000000000000e+00 -2.000000000000000000e+00 -2.000000000000000000e+00 -3.000000000000000000e+00 -3.000000000000000000e+00 -3.000000000000000000e+00
0.000000000000000000e+00 0.000000000000000000e+00 0.000000000000000000e+00 1.000000000000000000e+00 1.000000000000000000e+00 1.000000000000000000e+00 1.000000000000000000e+00 1.000000000000000000e+00 1.000000000000000000e+00 1.000000000000000000e+00
0.000000000000000000e+00 1.000000000000000000e+00 0.000000000000000000e+00 0.000000000000000000e+00 -1.000000000000000000e+00 -1.000000000000000000e+00 -1.000000000000000000e+00 -1.000000000000000000e+00 -1.000000000000000000e+00 -1.000000000000000000e+00
0.000000000000000000e+00 -1.000000000000000000e+00 -1.000000000000000000e+00 -2.000000000000000000e+00 -2.000000000000000000e+00 -2.000000000000000000e+00 -2.000000000000000000e+00 -3.000000000000000000e+00 -3.000000000000000000e+00 -3.000000000000000000e+00
0.000000000000000000e+00 0.000000000000000000e+00 0.000000000000000000e+00 1.000000000000000000e+00 1.000000000000000000e+00 1.000000000000000000e+00 1.000000000000000000e+00 1.000000000000000000e+00 1.000000000000000000e+00 1.000000000000000000e+00
0.000000000000000000e+00 0.000000000000000000e+00 0.000000000000000000e+00 0.000000000000000000e+00 -1.000000000000000000e+00 0.000000000000000000e+00 -1.000000000000000000e+00 0.000000000000000000e+00 -2.000000000000000000e+00 -1.000000000000000000e+00
0.000000000000000000e+00 -1.000000000000000000e+00 -1.000000000000000000e+00 -2.000000000000000000e+00 -2.000000000000000000e+00 -2.000000000000000000e+00 -2.000000000000000000e+00 -3.000000000000000000e+00 -3.000000000000000000e+00 -3.000000000000000000e+00
0.000000000000000000e+00 0.000000000000000000e+00 0.000000000000000000e+00 1.000000000000000000e+00 1.000000000000000000e+00 1.000000000000000000e+00 1.000000000000000000e+00 1.000000000000000000e+00 1.000000000000000000e+00 1.000000000000000000e+00
0.000000000000000000e+00 1.000000000000000000e+00 1.000000000000000000e+00 0.000000000000000000e+00 0.000000000000000000e+00 -1.000000000000000000e+00 -1.000000000000000000e+00 -1.000000000000000000e+00 -2.000000000000000000e+00 -2.000000000000000000e+00
0.000000000000000000e+00 -1.000000000000000000e+00 -1.000000000000000000e+00 -2.000000000000000000e+00 -2.000000000000000000e+00 -2.000000000000000000e+00 -2.000000000000000000e+00 -3.000000000000000000e+00 -3.000000000000000000e+00 -3.000000000000000000e+00
0.000000000000000000e+00 0.000000000000000000e+00 0.000000000000000000e+00 1.000000000000000000e+00 1.000000000000000000e+00 1.000000000000000000e+00 1.000000000000000000e+00 1.000000000000000000e+00 1.000000000000000000e+00 1.000000000000000000e+00
0.000000000000000000e+00 3.000000000000000000e+00 3.000000000000000000e+00 3.000000000000000000e+00 3.000000000000000000e+00 3.000000000000000000e+00 3.000000000000000000e+00 3.000000000000000000e+00 3.000000000000000000e+00 3.000000000000000000e+00
0.000000000000000000e+00 -1.000000000000000000e+00 -1.000000000000000000e+00 -2.000000000000000000e+00 -2.000000000000000000e+00 -2.000000000000000000e+00 -2.000000000000000000e+00 -3.000000000000000000e+00 -3.000000000000000000e+00 -3.000000000000000000e+00
0.000000000000000000e+00 0.000000000000000000e+00 0.000000000000000000e+00 1.000000000000000000e+00 1.000000000000000000e+00 1.000000000000000000e+00 1.000000000000000000e+00 1.000000000000000000e+00 1.000000000000000000e+00 1.000000000000000000e+00
0.000000000000000000e+00 1.000000000000000000e+00 0.000000000000000000e+00 0.000000000000000000e+00 -1.000000000000000000e+00 -1.000000000000000000e+00 -1.000000000000000000e+00 -1.000000000000000000e+00 -2.000000000000000000e+00 -2.000000000000000000e+00
0.000000000000000000e+00 -1.000000000000000000e+00 -1.000000000000000000e+00 -2.000000000000000000e+00 -2.000000000000000000e+00 -2.000000000000000000e+00 -2.000000000000000000e+00 -3.000000000000000000e+00 -3.000000000000000000e+00 -3.000000000000000000e+00
0.000000000000000000e+00 0.000000000000000000e+00 0.000000000000000000e+00 1.000000000000000000e+00 1.000000000000000000e+00 1.000000000000000000e+00 1.000000000000000000e+00 1.000000000000000000e+00 1.000000000000000000e+00 1.000000000000000000e+00
0.000000000000000000e+00 1.000000000000000000e+00 0.000000000000000000e+00 0.000000000000000000e+00 0.000000000000000000e+00 -1.000000000000000000e+00 0.000000000000000000e+00 0.000000000000000000e+00 0.000000000000000000e+00 -1.000000000000000000e+00
0.000000000000000000e+00 -1.000000000000000000e+00 -1.000000000000000000e+00 -2.000000000000000000e+00 -2.000000000000000000e+00 -2.000000000000000000e+00 -2.000000000000000000e+00 -3.000000000000000000e+00 -3.000000000000000000e+00 -3.000000000000000000e+00
0.000000000000000000e+00 0.000000000000000000e+00 0.000000000000000000e+00 1.000000000000000000e+00 1.000000000000000000e+00 1.000000000000000000e+00 1.000000000000000000e+00 1.000000000000000000e+00 1.000000000000000000e+00 1.000000000000000000e+00
0.000000000000000000e+00 1.000000000000000000e+00 0.000000000000000000e+00 0.000000000000000000e+00 1.000000000000000000e+00 0.000000000000000000e+00 1.000000000000000000e+00 1.000000000000000000e+00 1.000000000000000000e+00 2.000000000000000000e+00
0.000000000000000000e+00 -1.000000000000000000e+00 -1.000000000000000000e+00 -2.000000000000000000e+00 -2.000000000000000000e+00 -2.000000000000000000e+00 -2.000000000000000000e+00 -3.000000000000000000e+00 -3.000000000000000000e+00 -3.000000000000000000e+00
0.000000000000000000e+00 0.000000000000000000e+00 0.000000000000000000e+00 1.000000000000000000e+00 1.000000000000000000e+00 1.000000000000000000e+00 1.000000000000000000e+00 1.000000000000000000e+00 1.000000000000000000e+00 1.000000000000000000e+00
0.000000000000000000e+00 0.000000000000000000e+00 0.000000000000000000e+00 0.000000000000000000e+00 -1.000000000000000000e+00 -1.000000000000000000e+00 -1.000000000000000000e+00 -1.000000000000000000e+00 -2.000000000000000000e+00 -2.000000000000000000e+00
0.000000000000000000e+00 -1.000000000000000000e+00 -1.000000000000000000e+00 -2.000000000000000000e+00 -2.000000000000000000e+00 -2.000000000000000000e+00 -2.000000000000000000e+00 -3.000000000000000000e+00 -3.000000000000000000e+00 -3.000000000000000000e+00
0.000000000000000000e+00 0.000000000000000000e+00 0.000000000000000000e+00 1.000000000000000000e+00 1.000000000000000000e+00 1.000000000000000000e+00 1.000000000000000000e+00 1.000000000000000000e+00 1.000000000000000000e+00 1.000000000000000000e+00
0.000000000000000000e+00 1.000000000000000000e+00 0.000000000000000000e+00 0.000000000000000000e+00 0.000000000000000000e+00 0.000000000000000000e+00 0.000000000000000000e+00 0.000000000000000000e+00 0.000000000000000000e+00 -1.000000000000000000e+00
0.000000000000000000e+00 -1.000000000000000000e+00 -1.000000000000000000e+00 -2.000000000000000000e+00 -2.000000000000000000e+00 -2.000000000000000000e+00 -2.000000000000000000e+00 -3.000000000000000000e+00 -3.000000000000000000e+00 -3.000000000000000000e+00
0.000000000000000000e+00 0.000000000000000000e+00 0.000000000000000000e+00 1.000000000000000000e+00 1.000000000000000000e+00 1.000000000000000000e+00 1.000000000000000000e+00 1.000000000000000000e+00 1.000000000000000000e+00 1.000000000000000000e+00
0.000000000000000000e+00 0.000000000000000000e+00 0.000000000000000000e+00 0.000000000000000000e+00 1.000000000000000000e+00 -1.000000000000000000e+00 -1.000000000000000000e+00 1.000000000000000000e+00 -1.000000000000000000e+00 -1.000000000000000000e+00
0.000000000000000000e+00 -1.000000000000000000e+00 -1.000000000000000000e+00 -2.000000000000000000e+00 -2.000000000000000000e+00 -2.000000000000000000e+00 -2.000000000000000000e+00 -3.000000000000000000e+00 -3.000000000000000000e+00 -3.000000000000000000e+00
0.000000000000000000e+00 0.000000000000000000e+00 0.000000000000000000e+00 1.000000000000000000e+00 1.000000000000000000e+00 1.000000000000000000e+00 1.000000000000000000e+00 1.000000000000000000e+00 1.000000000000000000e+00 1.000000000000000000e+00
0.000000000000000000e+00 1.000000000000000000e+00 1.000000000000000000e+00 1.000000000000000000e+00 1.000000000000000000e+00 -1.000000000000000000e+00 -1.000000000000000000e+00 0.000000000000000000e+00 -3.000000000000000000e+00 -3.000000000000000000e+00
0.000000000000000000e+00 -1.000000000000000000e+00 -1.000000000000000000e+00 -2.000000000000000000e+00 -2.000000000000000000e+00 -2.000000000000000000e+00 -2.000000000000000000e+00 -3.000000000000000000e+00 -3.000000000000000000e+00 -3.000000000000000000e+00
0.000000000000000000e+00 0.000000000000000000e+00 0.000000000000000000e+00 1.000000000000000000e+00 1.000000000000000000e+00 1.000000000000000000e+00 1.000000000000000000e+00 1.000000000000000000e+00 1.000000000000000000e+00 1.000000000000000000e+00
0.000000000000000000e+00 1.000000000000000000e+00 0.000000000000000000e+00 0.000000000000000000e+00 2.000000000000000000e+00 2.000000000000000000e+00 2.000000000000000000e+00 2.000000000000000000e+00 1.000000000000000000e+00 -1.000000000000000000e+00
0.000000000000000000e+00 -1.000000000000000000e+00 -1.000000000000000000e+00 -2.000000000000000000e+00 -2.000000000000000000e+00 -2.000000000000000000e+00 -2.000000000000000000e+00 -3.000000000000000000e+00 -3.000000000000000000e+00 -3.000000000000000000e+00
0.000000000000000000e+00 0.000000000000000000e+00 0.000000000000000000e+00 1.000000000000000000e+00 1.000000000000000000e+00 1.000000000000000000e+00 1.000000000000000000e+00 1.000000000000000000e+00 1.000000000000000000e+00 1.000000000000000000e+00
0.000000000000000000e+00 8.399999999999999689e-01 2.999999999999999889e-01 8.000000000000000167e-02 -8.000000000000000167e-02 -3.599999999999999867e-01 -5.000000000000000000e-01 -2.999999999999999889e-01 -9.799999999999999822e-01 -1.159999999999999920e+00
0.000000000000000000e+00 -1.000000000000000000e+00 -1.000000000000000000e+00 -2.000000000000000000e+00 -2.000000000000000000e+00 -2.000000000000000000e+00 -2.000000000000000000e+00 -3.000000000000000000e+00 -3.000000000000000000e+00 -3.000000000000000000e+00
0.000000000000000000e+00 0.000000000000000000e+00 0.000000000000000000e+00 1.000000000000000000e+00 1.000000000000000000e+00 1.000000000000000000e+00 1.000000000000000000e+00 1.000000000000000000e+00 1.000000000000000000e+00 1.000000000000000000e+00
