0.000000000000000000e+00 0.000000000000000000e+00 0.000000000000000000e+00 0.000000000000000000e+00 0.000000000000000000e+00 0.000000000000000000e+00 -1.000000000000000000e+00 -1.000000000000000000e+00 -2.000000000000000000e+00 -2.000000000000000000e+00
0.000000000000000000e+00 0.000000000000000000e+00 0.000000000000000000e+00 1.000000000000000000e+00 1.000000000000000000e+00 1.000000000000000000e+00 1.000000000000000000e+00 1.000000000000000000e+00 1.000000000000000000e+00 1.000000000000000000e+00
0.000000000000000000e+00 -1.000000000000000000e+00 -1.000000000000000000e+00 -2.000000000000000000e+00 -2.000000000000000000e+00 -2.000000000000000000e+00 -2.000000000000000000e+00 -3.000000000000000000e+00 -3.000000000000000000e+00 -3.000000000000000000e+00
0.000000000000000000e+00 1.000000000000000000e+00 0.000000000000000000e+00 0.000000000000000000e+00 0.000000000000000000e+00 0.000000000000000000e+00 0.000000000000000000e+00 0.000000000000000000e+00 -3.000000000000000000e+00 -3.000000000000000000e+00
0.000000000000000000e+00 0.000000000000000000e+00 0.000000000000000000e+00 1.000000000000000000e+00 1.000000000000000000e+00 1.000000000000000000e+00 1.000000000000000000e+00 1.000000000000000000e+00 1.000000000000000000e+00 1.000000000000000000e+00
0.000000000000000000e+00 -1.000000000000000000e+00 -1.000000000000000000e+00 -2.000000000000000000e+00 -2.000000000000000000e+00 -2.000000000000000000e+00 -2.000000000000000000e+00 -3.000000000000000000e+00 -3.000000000000000000e+00 -3.000000000000000000e+00
0.000000000000000000e+00 1.000000000000000000e+00 1.000000000000000000e+00 -1.000000000000000000e+00 -1.000000000000000000e+00 -1.000000000000000000e+00 -1.000000000000000000e+00 -1.000000000000000000e+00 -1.000000000000000000e+00 -1.000000000000000000e+00
0.000000000000000000e+00 0.000000000000000000e+00 0.000000000000000000e+00 1.000000000000000000e+00 1.000000000000000000e+00 1.000000000000000000e+00 1.000000000000000000e+00 1.000000000000000000e+00 1.000000000000000000e+00 1.000000000000000000e+00
0.000000000000000000e+00 -1.000000000000000000e+00 -1.000000000000000000e+00 -2.000000000000000000e+00 -2.000000000000000000e+00 -2.000000000000000000e+00 -2.000000000000000000e+00 -3.000000000000000000e+00 -3.000000000000000000e+00 -3.000000000000000000e+00
0.000000000000000000e+00 1.000000000000000000e+00 -1.000000000000000000e+00 -1.000000000000000000e+00 0.000000000000000000e+00 0.000000000000000000e+00 0.000000000000000000e+00 0.000000000000000000e+00 0.000000000000000000e+00 1.000000000000000000e+00
0.000000000000000000e+00 0.000000000000000000e+00 0.000000000000000000e+00 1.000000000000000000e+00 1.000000000000000000e+00 1.000000000000000000e+00 1.000000000000000000e+00 1.000000000000000000e+00 1.000000000000000000e+00 1.000000000000000000e+00
0.000000000000000000e+00 -1.000000000000000000e+00 -1.000000000000000000e+00 -2.000000000000000000e+00 -2.000000000000000000e+00 -2.000000000000000000e+00 -2.000000000000000000e+00 -3.000000000000000000e+00 -3.000000000000000000e+00 -3.000000000000000000e+00
0.000000000000000000e+00 1.000000000000000000e+00 0.000000000000000000e+00 0.000000000000000000e+00 -1.000000000000000000e+00 0.000000000000000000e+00 -1.000000000000000000e+00 0.000000000000000000e+00 -1.000000000000000000e+00 -2.000000000000000000e+00
0.000000000000000000e+00 0.000000000000000000e+00 0.000000000000000000e+00 1.000000000000000000e+00 1.000000000000000000e+00 1.000000000000000000e+00 1.000000000000000000e+00 1.000000000000000000e+00 1.000000000000000000e+00 1.000000000000000000e+00
0.000000000000000000e+00 -1.000000000000000000e+00 -1.000000000000000000e+00 -2.000000000000000000e+00 -2.000000000000000000e+00 -2.000000000000000000e+00 -2.000000000000000000e+00 -3.000000000000000000e+00 -3.000000000000000000e+00 -3.000000000000000000e+00
0.000000000000000000e+00 0.000000000000000000e+00 0.000000000000000000e+00 0.000000000000000000e+00 0.000000000000000000e+00 0.000000000000000000e+00 0.000000000000000000e+00 0.000000000000000000e+00 -3.000000000000000000e+00 -2.000000000000000000e+00
0.000000000000000000e+00 0.000000000000000000e+00 0.000000000000000000e+00 1.000000000000000000e+00 1.000000000000000000e+00 1.000000000000000000e+00 1.000000000000000000e+00 1.000000000000000000e+00 1.000000000000000000e+00 1.000000000000000000e+00
0.000000000000000000e+00 -1.000000000000000000e+00 -1.000000000000000000e+00 -2.000000000000000000e+00 -2.000000000000000000e+00 -2.000000000000000000e+00 -2.000000000000000000e+00 -3.000000000000000000e+00 -3.000000000000000000e+00 -3.000000000000000000e+00
0.000000000000000000e+00 1.000000000000000000e+00 0.000000000000000000e+00 -2.000000000000000000e+00 -1.000000000000000000e+00 0.000000000000000000e+00 -3.000000000000000000e+00 -3.000000000000000000e+00 -3.000000000000000000e+00 -3.000000000000000000e+00
0.000000000000000000e+00 0.000000000000000000e+00 0.000000000000000000e+00 1.000000000000000000e+00 1.000000000000000000e+00 1.000000000000000000e+00 1.000000000000000000e+00 1.000000000000000000e+00 1.000000000000000000e+00 1.000000000000000000e+00
0.000000000000000000e+00 -1.000000000000000000e+00 -1.000000000000000000e+00 -2.000000000000000000e+00 -2.000000000000000000e+00 -2.000000000000000000e+00 -2.000000000000000000e+00 -3.000000000000000000e+00 -3.000000000000000000e+00 -3.000000000000000000e+00
0.000000000000000000e+00 1.000000000000000000e+00 0.000000000000000000e+00 0.000000000000000000e+00 0.000000000000000000e+00 0.000000000000000000e+00 0.000000000000000000e+00 0.000000000000000000e+00 0.000000000000000000e+00 -1.000000000000000000e+00
0.000000000000000000e+00 0.000000000000000000e+00 0.000000000000000000e+00 1.000000000000000000e+00 1.000000000000000000e+00 1.000000000000000000e+00 1.000000000000000000e+00 1.000000000000000000e+00 1.000000000000000000e+00 1.000000000000000000e+00
0.000000000000000000e+00 -1.000000000000000000e+00 -1.000000000000000000e+00 -2.000000000000000000e+00 -2.000000000000000000e+00 -2.000000000000000000e+00 -2.000000000000000000e+00 -3.000000000000000000e+00 -3.000000000000000000e+00 -3.000000000000000000e+00
0.000000000000000000e+00 1.000000000000000000e+00 1.000000000000000000e+00 1.000000000000000000e+00 1.000000000000000000e+00 1.000000000000000000e+00 1.000000000000000000e+00 -1.000000000000000000e+00 -1.000000000000000000e+00 -1.000000000000000000e+00
0.000000000000000000e+00 0.000000000000000000e+00 0.000000000000000000e+00 1.000000000000000000e+00 1.000000000000000000e+00 1.000000000000000000e+00 1.000000000000000000e+00 1.000000000000000000e+00 1.000000000000000000e+00 1.000000000000000000e+00
0.000000000000000000e+00 -1.000000000000000000e+00 -1.000000000000000000e+00 -2.000000000000000000e+00 -2.000000000000000000e+00 -2.000000000000000000e+00 -2.000000000000000000e+00 -3.000000000000000000e+00 -3.000000000000000000e+00 -3.000000000000000000e+00
0.000000000000000000e+00 1.000000000000000000e+00 0.000000000000000000e+00 0.000000000000000000e+00 -1.000000000000000000e+00 0.000000000000000000e+00 -1.000000000000000000e+00 0.000000000000000000e+00 -2.000000000000000000e+00 -2.000000000000000000e+00
0.000000000000000000e+00 0.000000000000000000e+00 0.000000000000000000e+00 1.000000000000000000e+00 1.000000000000000000e+00 1.000000000000000000e+00 1.000000000000000000e+00 1.000000000000000000e+00 1.000000000000000000e+00 1.000000000000000000e+00
0.000000000000000000e+00 -1.000000000000000000e+00 -1.000000000000000000e+00 -2.000000000000000000e+00 -2.000000000000000000e+00 -2.000000000000000000e+00 -2.000000000000000000e+00 -3.000000000000000000e+00 -3.000000000000000000e+00 -3.000000000000000000e+00
0.000000000000000000e+00 1.000000000000000000e+00 1.000000000000000000e+00 0.000000000000000000e+00 0.000000000000000000e+00 -1.000000000000000000e+00 -1.000000000000000000e+00 -1.000000000000000000e+00 -2.000000000000000000e+00 -2.000000000000000000e+00
0.000000000000000000e+00 0.000000000000000000e+00 0.000000000000000000e+00 1.000000000000000000e+00 1.000000000000000000e+00 1.000000000000000000e+00 1.000000000000000000e+00 1.000000000000000000e+00 1.000000000000000000e+00 1.000000000000000000e+00
0.000000000000000000e+00 -1.000000000000000000e+00 -1.000000000000000000e+00 -2.000000000000000000e+00 -2.000000000000000000e+00 -2.000000000000000000e+00 -2.000000000000000000e+00 -3.000000000000000000e+00 -3.000000000000000000e+00 -3.000000000000000000e+00
0.000000000000000000e+00 1.000000000000000000e+00 0.000000000000000000e+00 0.000000000000000000e+00 0.000000000000000000e+00 0.000000000000000000e+00 0.000000000000000000e+00 0.000000000000000000e+00 -1.000000000000000000e+00 -1.000000000000000000e+00
0.000000000000000000e+00 0.000000000000000000e+00 0.000000000000000000e+00 1.000000000000000000e+00 1.000000000000000000e+00 1.000000000000000000e+00 1.000000000000000000e+00 1.000000000000000000e+00 1.000000000000000000e+00 1.000000000000000000e+00
0.000000000000000000e+00 -1.000000000000000000e+00 -1.000000000000000000e+00 -2.000000000000000000e+00 -2.000000000000000000e+00 -2.000000000000000000e+00 -2.000000000000000000e+00 -3.000000000000000000e+00 -3.000000000000000000e+00 -3.000000000000000000e+00
0.000000000000000000e+00 1.000000000000000000e+00 1.000000000000000000e+00 1.000000000000000000e+00 1.000000000000000000e+00 1.000000000000000000e+00 1.000000000000000000e+00 1.000000000000000000e+00 1.000000000000000000e+00 0.000000000000000000e+00
0.000000000000000000e+00 0.000000000000000000e+00 0.000000000000000000e+00 1.000000000000000000e+00 1.000000000000000000e+00 1.000000000000000000e+00 1.000000000000000000e+00 1.000000000000000000e+00 1.000000000000000000e+00 1.000000000000000000e+00
0.000000000000000000e+00 -1.000000000000000000e+00 -1.000000000000000000e+00 -2.000000000000000000e+00 -2.000000000000000000e+00 -2.000000000000000000e+00 -2.000000000000000000e+00 -3.000000000000000000e+00 -3.000000000000000000e+00 -3.000000000000000000e+00
0.000000000000000000e+00 1.000000000000000000e+00 1.000000000000000000e+00 0.000000000000000000e+00 0.000000000000000000e+00 0.000000000000000000e+00 0.000000000000000000e+00 0.000000000000000000e+00 0.000000000000000000e+00 1.000000000000000000e+00
0.000000000000000000e+00 0.000000000000000000e+00 0.000000000000000000e+00 1.000000000000000000e+00 1.000000000000000000e+00 1.000000000000000000e+00 1.000000000000000000e+00 1.000000000000000000e+00 1.000000000000000000e+00 1.000000000000000000e+00
0.000000000000000000e+00 -1.000000000000000000e+00 -1.000000000000000000e+00 -2.000000000000000000e+00 -2.000000000000000000e+00 -2.000000000000000000e+00 -2.000000000000000000e+00 -3.000000000000000000e+00 -3.000000000000000000e+00 -3.000000000000000000e+00
0.000000000000000000e+00 1.000000000000000000e+00 1.000000000000000000e+00 0.000000000000000000e+00 0.000000000000000000e+00 0.000000000000000000e+00 0.000000000000000000e+00 0.000000000000000000e+00 -1.000000000000000000e+00 -1.000000000000000000e+00
0.000000000000000000e+00 0.000000000000000000e+00 0.000000000000000000e+00 1.000000000000000000e+00 1.000000000000000000e+00 1.000000000000000000e+00 1.000000000000000000e+00 1.000000000000000000e+00 1.000000000000000000e+00 1.000000000000000000e+00
0.000000000000000000e+00 -1.000000000000000000e+00 -1.000000000000000000e+00 -2.000000000000000000e+00 -2.000000000000000000e+00 -2.000000000000000000e+00 -2.000000000000000000e+00 -3.000000000000000000e+00 -3.000000000000000000e+00 -3.000000000000000000e+00
0.000000000000000000e+00 1.000000000000000000e+00 0.000000000000000000e+00 -1.000000000000000000e+00 -1.000000000000000000e+00 -1.000000000000000000e+00 -2.000000000000000000e+00 -2.000000000000000000e+00 -2.000000000000000000e+00 -3.000000000000000000e+00
0.000000000000000000e+00 0.000000000000000000e+00 0.000000000000000000e+00 1.000000000000000000e+00 1.000000000000000000e+00 1.000000000000000000e+00 1.000000000000000000e+00 1.000000000000000000e+00 1.000000000000000000e+00 1.000000000000000000e+00
0.000000000000000000e+00 -1.000000000000000000e+00 -1.000000000000000000e+00 -2.000000000000000000e+00 -2.000000000000000000e+00 -2.000000000000000000e+00 -2.000000000000000000e+00 -3.000000000000000000e+00 -3.000000000000000000e+00 -3.000000000000000000e+00
-1.000000000000000000e+00 1.000000000000000000e+00 0.000000000000000000e+00 0.000000000000000000e+00 0.000000000000000000e+00 0.000000000000000000e+00 0.000000000000000000e+00 0.000000000000000000e+00 0.000000000000000000e+00 0.000000000000000000e+00
0.000000000000000000e+00 0.000000000000000000e+00 0.000000000000000000e+00 1.000000000000000000e+00 1.000000000000000000e+00 1.000000000000000000e+00 1.000000000000000000e+00 1.000000000000000000e+00 1.000000000000000000e+00 1.000000000000000000e+00
0.000000000000000000e+00 -1.000000000000000000e+00 -1.000000000000000000e+00 -2.000000000000000000e+00 -2.000000000000000000e+00 -2.000000000000000000e+00 -2.000000000000000000e+00 -3.000000000000000000e+00 -3.000000000000000000e+00 -3.000000000000000000e+00
0.000000000000000000e+00 0.000000000000000000e+00 0.000000000000000000e+00 -1.000000000000000000e+00 0.000000000000000000e+00 0.000000000000000000e+00 1.000000000000000000e+00 1.000000000000000000e+00 -1.000000000000000000e+00 -2.000000000000000000e+00
0.000000000000000000e+00 0.000000000000000000e+00 0.000000000000000000e+00 1.000000000000000000e+00 1.000000000000000000e+00 1.000000000000000000e+00 1.000000000000000000e+00 1.000000000000000000e+00 1.000000000000000000e+00 1.000000000000000000e+00
0.000000000000000000e+00 -1.000000000000000000e+00 -1.000000000000000000e+00 -2.000000000000000000e+00 -2.000000000000000000e+00 -2.000000000000000000e+00 -2.000000000000000000e+00 -3.000000000000000000e+00 -3.000000000000000000e+00 -3.000000000000000000e+00
0.000000000000000000e+00 0.000000000000000000e+00 0.000000000000000000e+00 0.000000000000000000e+00 0.000000000000000000e+00 0.000000000000000000e+00 0.000000000000000000e+00 0.000000000000000000e+00 0.000000000000000000e+00 -1.000000000000000000e+00
0.000000000000000000e+00 0.000000000000000000e+00 0.000000000000000000e+00 1.000000000000000000e+00 1.000000000000000000e+00 1.000000000000000000e+00 1.000000000000000000e+00 1.000000000000000000e+00 1.000000000000000000e+00 1.000000000000000000e+00
0.000000000000000000e+00 -1.000000000000000000e+00 -1.000000000000000000e+00 -2.000000000000000000e+00 -2.000000000000000000e+00 -2.000000000000000000e+00 -2.000000000000000000e+00 -3.000000000000000000e+00 -3.000000000000000000e+00 -3.000000000000000000e+00
0.000000000000000000e+00 1.000000000000000000e+00 1.000000000000000000e+00 1.000000000000000000e+00 1.000000000000000000e+00 1.000000000000000000e+00 1.000000000000000000e+00 1.000000000000000000e+00 1.000000000000000000e+00 1.000000000000000000e+00
0.000000000000000000e+00 0.000000000000000000e+00 0.000000000000000000e+00 1.000000000000000000e+00 1.000000000000000000e+00 1.000000000000000000e+00 1.000000000000000000e+00 1.000000000000000000e+00 1.000000000000000000e+00 1.000000000000000000e+00
0.000000000000000000e+00 -1.000000000000000000e+00 -1.000000000000000000e+00 -2.000000000000000000e+00 -2.000000000000000000e+00 -2.000000000000000000e+00 -2.000000000000000000e+00 -3.000000000000000000e+00 -3.000000000000000000e+00 -3.000000000000000000e+00
0.000000000000000000e+00 1.000000000000000000e+00 1.000000000000000000e+00 -1.000000000000000000e+00 -2.000000000000000000e+00 -2.000000000000000000e+00 -3.000000000000000000e+00 -3.000000000000000000e+00 -3.000000000000000000e+00 -3.000000000000000000e+00
0.000000000000000000e+00 0.000000000000000000e+00 0.000000000000000000e+00 1.000000000000000000e+00 1.000000000000000000e+00 1.000000000000000000e+00 1.000000000000000000e+00 1.000000000000000000e+00 1.000000000000000000e+00 1.000000000000000000e+00
0.000000000000000000e+00 -1.000000000000000000e+00 -1.000000000000000000e+00 -2.000000000000000000e+00 -2.000000000000000000e+00 -2.000000000000000000e+00 -2.000000000000000000e+00 -3.000000000000000000e+00 -3.000000000000000000e+00 -3.000000000000000000e+00
0.000000000000000000e+00 1.000000000000000000e+00 -1.000000000000000000e+00 0.000000000000000000e+00 -1.000000000000000000e+00 -1.000000000000000000e+00 -1.000000000000000000e+00 -1.000000000000000000e+00 -2.000000000000000000e+00 -1.000000000000000000e+00
0.000000000000000000e+00 0.000000000000000000e+00 0.000000000000000000e+00 1.000000000000000000e+00 1.000000000000000000e+00 1.000000000000000000e+00 1.000000000000000000e+00 1.000000000000000000e+00 1.000000000000000000e+00 1.000000000000000000e+00
0.000000000000000000e+00 -1.000000000000000000e+00 -1.000000000000000000e+00 -2.000000000000000000e+00 -2.000000000000000000e+00 -2.000000000000000000e+00 -2.000000000000000000e+00 -3.000000000000000000e+00 -3.000000000000000000e+00 -3.000000000000000000e+00
0.000000000000000000e+00 1.000000000000000000e+00 1.000000000000000000e+00 1.000000000000000000e+00 1.000000000000000000e+00 1.000000000000000000e+00 1.000000000000000000e+00 1.000000000000000000e+00 1.000000000000000000e+00 1.000000000000000000e+00
0.000000000000000000e+00 0.000000000000000000e+00 0.000000000000000000e+00 1.000000000000000000e+00 1.000000000000000000e+00 1.000000000000000000e+00 1.000000000000000000e+00 1.000000000000000000e+00 1.000000000000000000e+00 1.000000000000000000e+00
0.000000000000000000e+00 -1.000000000000000000e+00 -1.000000000000000000e+00 -2.000000000000000000e+00 -2.000000000000000000e+00 -2.000000000000000000e+00 -2.000000000000000000e+00 -3.000000000000000000e+00 -3.000000000000000000e+00 -3.000000000000000000e+00
0.000000000000000000e+00 3.000000000000000000e+00 0.000000000000000000e+00 0.000000000000000000e+00 0.000000000000000000e+00 -1.000000000000000000e+00 -1.000000000000000000e+00 -1.000000000000000000e+00 -2.000000000000000000e+00 -3.000000000000000000e+00
0.000000000000000000e+00 0.000000000000000000e+00 0.000000000000000000e+00 1.000000000000000000e+00 1.000000000000000000e+00 1.000000000000000000e+00 1.000000000000000000e+00 1.000000000000000000e+00 1.000000000000000000e+00 1.000000000000000000e+00
0.000000000000000000e+00 -1.000000000000000000e+00 -1.000000000000000000e+00 -2.000000000000000000e+00 -2.000000000000000000e+00 -2.000000000000000000e+00 -2.000000000000000000e+00 -3.000000000000000000e+00 -3.000000000000000000e+00 -3.000000000000000000e+00
0.000000000000000000e+00 1.000000000000000000e+00 0.000000000000000000e+00 0.000000000000000000e+00 0.000000000000000000e+00 0.000000000000000000e+00 0.000000000000000000e+00 0.000000000000000000e+00 0.000000000000000000e+00 0.000000000000000000e+00
0.000000000000000000e+00 0.000000000000000000e+00 0.000000000000000000e+00 1.000000000000000000e+00 1.000000000000000000e+00 1.000000000000000000e+00 1.000000000000000000e+00 1.000000000000000000e+00 1.000000000000000000e+00 1.000000000000000000e+00
0.000000000000000000e+00 -1.000000000000000000e+00 -1.000000000000000000e+00 -2.000000000000000000e+00 -2.000000000000000000e+00 -2.000000000000000000e+00 -2.000000000000000000e+00 -3.000000000000000000e+00 -3.000000000000000000e+00 -3.000000000000000000e+00
0.000000000000000000e+00 1.000000000000000000e+00 1.000000000000000000e+00 1.000000000000000000e+00 1.000000000000000000e+00 1.000000000000000000e+00 1.000000000000000000e+00 1.000000000000000000e+00 1.000000000000000000e+00 1.000000000000000000e+00
0.000000000000000000e+00 0.000000000000000000e+00 0.000000000000000000e+00 1.000000000000000000e+00 1.000000000000000000e+00 1.000000000000000000e+00 1.000000000000000000e+00 1.000000000000000000e+00 1.000000000000000000e+00 1.000000000000000000e+00
0.000000000000000000e+00 -1.000000000000000000e+00 -1.000000000000000000e+00 -2.000000000000000000e+00 -2.000000000000000000e+00 -2.000000000000000000e+00 -2.000000000000000000e+00 -3.000000000000000000e+00 -3.000000000000000000e+00 -3.000000000000000000e+00
-3.000000000000000000e+00 1.000000000000000000e+00 1.000000000000000000e+00 1.000000000000000000e+00 1.000000000000000000e+00 2.000000000000000000e+00 3.000000000000000000e+00 -3.000000000000000000e+00 -3.000000000000000000e+00 3.000000000000000000e+00
0.000000000000000000e+00 0.000000000000000000e+00 0.000000000000000000e+00 1.000000000000000000e+00 1.000000000000000000e+00 1.000000000000000000e+00 1.000000000000000000e+00 1.000000000000000000e+00 1.000000000000000000e+00 1.000000000000000000e+00
0.000000000000000000e+00 -1.000000000000000000e+00 -1.000000000000000000e+00 -2.000000000000000000e+00 -2.000000000000000000e+00 -2.000000000000000000e+00 -2.000000000000000000e+00 -3.000000000000000000e+00 -3.000000000000000000e+00 -3.000000000000000000e+00
0.000000000000000000e+00 0.000000000000000000e+00 0.000000000000000000e+00 0.000000000000000000e+00 1.000000000000000000e+00 1.000000000000000000e+00 1.000000000000000000e+00 1.000000000000000000e+00 0.000000000000000000e+00 0.000000000000000000e+00
0.000000000000000000e+00 0.000000000000000000e+00 0.000000000000000000e+00 1.000000000000000000e+00 1.000000000000000000e+00 1.000000000000000000e+00 1.000000000000000000e+00 1.000000000000000000e+00 1.000000000000000000e+00 1.000000000000000000e+00
0.000000000000000000e+00 -1.000000000000000000e+00 -1.000000000000000000e+00 -2.000000000000000000e+00 -2.000000000000000000e+00 -2.000000000000000000e+00 -2.000000000000000000e+00 -3.000000000000000000e+00 -3.000000000000000000e+00 -3.000000000000000000e+00
0.000000000000000000e+00 1.000000000000000000e+00 1.000000000000000000e+00 0.000000000000000000e+00 -1.000000000000000000e+00 -1.000000000000000000e+00 -1.000000000000000000e+00 0.000000000000000000e+00 0.000000000000000000e+00 0.000000000000000000e+00
0.000000000000000000e+00 0.000000000000000000e+00 0.000000000000000000e+00 1.000000000000000000e+00 1.000000000000000000e+00 1.000000000000000000e+00 1.000000000000000000e+00 1.000000000000000000e+00 1.000000000000000000e+00 1.000000000000000000e+00
0.000000000000000000e+00 -1.000000000000000000e+00 -1.000000000000000000e+00 -2.000000000000000000e+00 -2.000000000000000000e+00 -2.000000000000000000e+00 -2.000000000000000000e+00 -3.000000000000000000e+00 -3.000000000000000000e+00 -3.000000000000000000e+00
0.000000000000000000e+00 1.000000000000000000e+00 1.000000000000000000e+00 0.000000000000000000e+00 -1.000000000000000000e+00 -1.000000000000000000e+00 -2.000000000000000000e+00 -2.000000000000000000e+00 -2.000000000000000000e+00 -2.000000000000000000e+00
0.000000000000000000e+00 0.000000000000000000e+00 0.000000000000000000e+00 1.000000000000000000e+00 1.000000000000000000e+00 1.000000000000000000e+00 1.000000000000000000e+00 1.000000000000000000e+00 1.000000000000000000e+00 1.000000000000000000e+00
0.000000000000000000e+00 -1.000000000000000000e+00 -1.000000000000000000e+00 -2.000000000000000000e+00 -2.000000000000000000e+00 -2.000000000000000000e+00 -2.000000000000000000e+00 -3.000000000000000000e+00 -3.000000000000000000e+00 -3.000000000000000000e+00
0.000000000000000000e+00 0.000000000000000000e+00 0.000000000000000000e+00 0.000000000000000000e+00 0.000000000000000000e+00 -1.000000000000000000e+00 -1.000000000000000000e+00 -1.000000000000000000e+00 -1.000000000000000000e+00 -1.000000000000000000e+00
0.000000000000000000e+00 0.000000000000000000e+00 0.000000000000000000e+00 1.000000000000000000e+00 1.000000000000000000e+00 1.000000000000000000e+00 1.000000000000000000e+00 1.000000000000000000e+00 1.000000000000000000e+00 1.000000000000000000e+00
0.000000000000000000e+00 -1.000000000000000000e+00 -1.000000000000000000e+00 -2.000000000000000000e+00 -2.000000000000000000e+00 -2.000000000000000000e+00 -2.000000000000000000e+00 -3.000000000000000000e+00 -3.000000000000000000e+00 -3.000000000000000000e+00
0.000000000000000000e+00 1.000000000000000000e+00 0.000000000000000000e+00 0.000000000000000000e+00 0.000000000000000000e+00 0.000000000000000000e+00 0.000000000000000000e+00 0.000000000000000000e+00 0.000000000000000000e+00 0.000000000000000000e+00
0.000000000000000000e+00 0.000000000000000000e+00 0.000000000000000000e+00 1.000000000000000000e+00 1.000000000000000000e+00 1.000000000000000000e+00 1.000000000000000000e+00 1.000000000000000000e+00 1.000000000000000000e+00 1.000000000000000000e+00
0.000000000000000000e+00 -1.000000000000000000e+00 -1.000000000000000000e+00 -2.000000000000000000e+00 -2.000000000000000000e+00 -2.000000000000000000e+00 -2.000000000000000000e+00 -3.000000000000000000e+00 -3.000000000000000000e+00 -3.000000000000000000e+00
0.000000000000000000e+00 1.000000000000000000e+00 0.000000000000000000e+00 0.000000000000000000e+00 -1.000000000000000000e+00 -1.000000000000000000e+00 -1.000000000000000000e+00 0.000000000000000000e+00 -2.000000000000000000e+00 -3.000000000000000000e+00
0.000000000000000000e+00 0.000000000000000000e+00 0.000000000000000000e+00 1.000000000000000000e+00 1.000000000000000000e+00 1.000000000000000000e+00 1.000000000000000000e+00 1.000000000000000000e+00 1.000000000000000000e+00 1.000000000000000000e+00
0.000000000000000000e+00 -1.000000000000000000e+00 -1.000000000000000000e+00 -2.000000000000000000e+00 -2.000000000000000000e+00 -2.000000000000000000e+00 -2.000000000000000000e+00 -3.000000000000000000e+00 -3.000000000000000000e+00 -3.000000000000000000e+00
0.000000000000000000e+00 0.000000000000000000e+00 1.000000000000000000e+00 1.000000000000000000e+00 1.000000000000000000e+00 1.000000000000000000e+00 1.000000000000000000e+00 1.000000000000000000e+00 0.000000000000000000e+00 -1.000000000000000000e+00
0.000000000000000000e+00 0.000000000000000000e+00 0.000000000000000000e+00 1.000000000000000000e+00 1.000000000000000000e+00 1.000000000000000000e+00 1.000000000000000000e+00 1.000000000000000000e+00 1.000000000000000000e+00 1.000000000000000000e+00
0.000000000000000000e+00 -1.000000000000000000e+00 -1.000000000000000000e+00 -2.000000000000000000e+00 -2.000000000000000000e+00 -2.000000000000000000e+00 -2.000000000000000000e+00 -3.000000000000000000e+00 -3.000000000000000000e+00 -3.000000000000000000e+00
0.000000000000000000e+00 1.000000000000000000e+00 1.000000000000000000e+00 1.000000000000000000e+00 1.000000000000000000e+00 1.000000000000000000e+00 1.000000000000000000e+00 1.000000000000000000e+00 -1.000000000000000000e+00 -1.000000000000000000e+00
0.000000000000000000e+00 0.000000000000000000e+00 0.000000000000000000e+00 1.000000000000000000e+00 1.000000000000000000e+00 1.000000000000000000e+00 1.000000000000000000e+00 1.000000000000000000e+00 1.000000000000000000e+00 1.000000000000000000e+00
0.000000000000000000e+00 -1.000000000000000000e+00 -1.000000000000000000e+00 -2.000000000000000000e+00 -2.000000000000000000e+00 -2.000000000000000000e+00 -2.000000000000000000e+00 -3.000000000000000000e+00 -3.000000000000000000e+00 -3.000000000000000000e+00
0.000000000000000000e+00 1.000000000000000000e+00 1.000000000000000000e+00 1.000000000000000000e+00 0.000000000000000000e+00 0.000000000000000000e+00 -1.000000000000000000e+00 -1.000000000000000000e+00 -2.000000000000000000e+00 -2.000000000000000000e+00
0.000000000000000000e+00 0.000000000000000000e+00 0.000000000000000000e+00 1.000000000000000000e+00 1.000000000000000000e+00 1.000000000000000000e+00 1.000000000000000000e+00 1.000000000000000000e+00 1.000000000000000000e+00 1.000000000000000000e+00
0.000000000000000000e+00 -1.000000000000000000e+00 -1.000000000000000000e+00 -2.000000000000000000e+00 -2.000000000000000000e+00 -2.000000000000000000e+00 -2.000000000000000000e+00 -3.000000000000000000e+00 -3.000000000000000000e+00 -3.000000000000000000e+00
0.000000000000000000e+00 1.000000000000000000e+00 1.000000000000000000e+00 1.000000000000000000e+00 0.000000000000000000e+00 0.000000000000000000e+00 0.000000000000000000e+00 0.000000000000000000e+00 -1.000000000000000000e+00 -1.000000000000000000e+00
0.000000000000000000e+00 0.000000000000000000e+00 0.000000000000000000e+00 1.000000000000000000e+00 1.000000000000000000e+00 1.000000000000000000e+00 1.000000000000000000e+00 1.000000000000000000e+00 1.000000000000000000e+00 1.000000000000000000e+00
0.000000000000000000e+00 -1.000000000000000000e+00 -1.000000000000000000e+00 -2.000000000000000000e+00 -2.000000000000000000e+00 -2.000000000000000000e+00 -2.000000000000000000e+00 -3.000000000000000000e+00 -3.000000000000000000e+00 -3.000000000000000000e+00
0.000000000000000000e+00 1.000000000000000000e+00 0.000000000000000000e+00 0.000000000000000000e+00 -1.000000000000000000e+00 -1.000000000000000000e+00 0.000000000000000000e+00 -1.000000000000000000e+00 -1.000000000000000000e+00 -2.000000000000000000e+00
0.000000000000000000e+00 0.000000000000000000e+00 0.000000000000000000e+00 1.000000000000000000e+00 1.000000000000000000e+00 1.000000000000000000e+00 1.000000000000000000e+00 1.000000000000000000e+00 1.000000000000000000e+00 1.000000000000000000e+00
0.000000000000000000e+00 -1.000000000000000000e+00 -1.000000000000000000e+00 -2.000000000000000000e+00 -2.000000000000000000e+00 -2.000000000000000000e+00 -2.000000000000000000e+00 -3.000000000000000000e+00 -3.000000000000000000e+00 -3.000000000000000000e+00
0.000000000000000000e+00 0.000000000000000000e+00 0.000000000000000000e+00 0.000000000000000000e+00 0.000000000000000000e+00 0.000000000000000000e+00 0.000000000000000000e+00 0.000000000000000000e+00 -1.000000000000000000e+00 -1.000000000000000000e+00
0.000000000000000000e+00 0.000000000000000000e+00 0.000000000000000000e+00 1.000000000000000000e+00 1.000000000000000000e+00 1.000000000000000000e+00 1.000000000000000000e+00 1.000000000000000000e+00 1.000000000000000000e+00 1.000000000000000000e+00
0.000000000000000000e+00 -1.000000000000000000e+00 -1.000000000000000000e+00 -2.000000000000000000e+00 -2.000000000000000000e+00 -2.000000000000000000e+00 -2.000000000000000000e+00 -3.000000000000000000e+00 -3.000000000000000000e+00 -3.000000000000000000e+00
0.000000000000000000e+00 0.000000000000000000e+00 0.000000000000000000e+00 0.000000000000000000e+00 0.000000000000000000e+00 -1.000000000000000000e+00 -1.000000000000000000e+00 -1.000000000000000000e+00 -2.000000000000000000e+00 -3.000000000000000000e+00
0.000000000000000000e+00 0.000000000000000000e+00 0.000000000000000000e+00 1.000000000000000000e+00 1.000000000000000000e+00 1.000000000000000000e+00 1.000000000000000000e+00 1.000000000000000000e+00 1.000000000000000000e+00 1.000000000000000000e+00
0.000000000000000000e+00 -1.000000000000000000e+00 -1.000000000000000000e+00 -2.000000000000000000e+00 -2.000000000000000000e+00 -2.000000000000000000e+00 -2.000000000000000000e+00 -3.000000000000000000e+00 -3.000000000000000000e+00 -3.000000000000000000e+00
0.000000000000000000e+00 1.000000000000000000e+00 0.000000000000000000e+00 0.000000000000000000e+00 0.000000000000000000e+00 -1.000000000000000000e+00 -1.000000000000000000e+00 0.000000000000000000e+00 0.000000000000000000e+00 -1.000000000000000000e+00
0.000000000000000000e+00 0.000000000000000000e+00 0.000000000000000000e+00 1.000000000000000000e+00 1.000000000000000000e+00 1.000000000000000000e+00 1.000000000000000000e+00 1.000000000000000000e+00 1.000000000000000000e+00 1.000000000000000000e+00
0.000000000000000000e+00 -1.000000000000000000e+00 -1.000000000000000000e+00 -2.000000000000000000e+00 -2.000000000000000000e+00 -2.000000000000000000e+00 -2.000000000000000000e+00 -3.000000000000000000e+00 -3.000000000000000000e+00 -3.000000000000000000e+00
0.000000000000000000e+00 1.000000000000000000e+00 1.000000000000000000e+00 1.000000000000000000e+00 1.000000000000000000e+00 1.000000000000000000e+00 0.000000000000000000e+00 0.000000000000000000e+00 0.000000000000000000e+00 0.000000000000000000e+00
0.000000000000000000e+00 0.000000000000000000e+00 0.000000000000000000e+00 1.000000000000000000e+00 1.000000000000000000e+00 1.000000000000000000e+00 1.000000000000000000e+00 1.000000000000000000e+00 1.000000000000000000e+00 1.000000000000000000e+00
0.000000000000000000e+00 -1.000000000000000000e+00 -1.000000000000000000e+00 -2.000000000000000000e+00 -2.000000000000000000e+00 -2.000000000000000000e+00 -2.000000000000000000e+00 -3.000000000000000000e+00 -3.000000000000000000e+00 -3.000000000000000000e+00
0.000000000000000000e+00 0.000000000000000000e+00 0.000000000000000000e+00 0.000000000000000000e+00 1.000000000000000000e+00 1.000000000000000000e+00 0.000000000000000000e+00 -1.000000000000000000e+00 -1.000000000000000000e+00 -1.000000000000000000e+00
0.000000000000000000e+00 0.000000000000000000e+00 0.000000000000000000e+00 1.000000000000000000e+00 1.000000000000000000e+00 1.000000000000000000e+00 1.000000000000000000e+00 1.000000000000000000e+00 1.000000000000000000e+00 1.000000000000000000e+00
0.000000000000000000e+00 -1.000000000000000000e+00 -1.000000000000000000e+00 -2.000000000000000000e+00 -2.000000000000000000e+00 -2.000000000000000000e+00 -2.000000000000000000e+00 -3.000000000000000000e+00 -3.000000000000000000e+00 -3.000000000000000000e+00
0.000000000000000000e+00 1.000000000000000000e+00 1.000000000000000000e+00 1.000000000000000000e+00 1.000000000000000000e+00 1.000000000000000000e+00 1.000000000000000000e+00 1.000000000000000000e+00 1.000000000000000000e+00 1.000000000000000000e+00
0.000000000000000000e+00 0.000000000000000000e+00 0.000000000000000000e+00 1.000000000000000000e+00 1.000000000000000000e+00 1.000000000000000000e+00 1.000000000000000000e+00 1.000000000000000000e+00 1.000000000000000000e+00 1.000000000000000000e+00
0.000000000000000000e+00 -1.000000000000000000e+00 -1.000000000000000000e+00 -2.000000000000000000e+00 -2.000000000000000000e+00 -2.000000000000000000e+00 -2.000000000000000000e+00 -3.000000000000000000e+00 -3.000000000000000000e+00 -3.000000000000000000e+00
0.000000000000000000e+00 1.000000000000000000e+00 0.000000000000000000e+00 2.000000000000000000e+00 1.000000000000000000e+00 -1.000000000000000000e+00 -2.000000000000000000e+00 -2.000000000000000000e+00 -3.000000000000000000e+00 -3.000000000000000000e+00
0.000000000000000000e+00 0.000000000000000000e+00 0.000000000000000000e+00 1.000000000000000000e+00 1.000000000000000000e+00 1.000000000000000000e+00 1.000000000000000000e+00 1.000000000000000000e+00 1.000000000000000000e+00 1.000000000000000000e+00
0.000000000000000000e+00 -1.000000000000000000e+00 -1.000000000000000000e+00 -2.000000000000000000e+00 -2.000000000000000000e+00 -2.000000000000000000e+00 -2.000000000000000000e+00 -3.000000000000000000e+00 -3.000000000000000000e+00 -3.000000000000000000e+00
0.000000000000000000e+00 0.000000000000000000e+00 0.000000000000000000e+00 0.000000000000000000e+00 0.000000000000000000e+00 0.000000000000000000e+00 -1.000000000000000000e+00 -1.000000000000000000e+00 -1.000000000000000000e+00 0.000000000000000000e+00
0.000000000000000000e+00 0.000000000000000000e+00 0.000000000000000000e+00 1.000000000000000000e+00 1.000000000000000000e+00 1.000000000000000000e+00 1.000000000000000000e+00 1.000000000000000000e+00 1.000000000000000000e+00 1.000000000000000000e+00
0.000000000000000000e+00 -1.000000000000000000e+00 -1.000000000000000000e+00 -2.000000000000000000e+00 -2.000000000000000000e+00 -2.000000000000000000e+00 -2.000000000000000000e+00 -3.000000000000000000e+00 -3.000000000000000000e+00 -3.000000000000000000e+00
0.000000000000000000e+00 1.000000000000000000e+00 1.000000000000000000e+00 1.000000000000000000e+00 1.000000000000000000e+00 1.000000000000000000e+00 1.000000000000000000e+00 1.000000000000000000e+00 1.000000000000000000e+00 -3.000000000000000000e+00
0.000000000000000000e+00 0.000000000000000000e+00 0.000000000000000000e+00 1.000000000000000000e+00 1.000000000000000000e+00 1.000000000000000000e+00 1.000000000000000000e+00 1.000000000000000000e+00 1.000000000000000000e+00 1.000000000000000000e+00
0.000000000000000000e+00 -1.000000000000000000e+00 -1.000000000000000000e+00 -2.000000000000000000e+00 -2.000000000000000000e+00 -2.000000000000000000e+00 -2.000000000000000000e+00 -3.000000000000000000e+00 -3.000000000000000000e+00 -3.000000000000000000e+00
0.000000000000000000e+00 1.000000000000000000e+00 -2.000000000000000000e+00 1.000000000000000000e+00 2.000000000000000000e+00 2.000000000000000000e+00 2.000000000000000000e+00 2.000000000000000000e+00 2.000000000000000000e+00 2.000000000000000000e+00
0.000000000000000000e+00 0.000000000000000000e+00 0.000000000000000000e+00 1.000000000000000000e+00 1.000000000000000000e+00 1.000000000000000000e+00 1.000000000000000000e+00 1.000000000000000000e+00 1.000000000000000000e+00 1.000000000000000000e+00
0.000000000000000000e+00 -1.000000000000000000e+00 -1.000000000000000000e+00 -2.000000000000000000e+00 -2.000000000000000000e+00 -2.000000000000000000e+00 -2.000000000000000000e+00 -3.000000000000000000e+00 -3.000000000000000000e+00 -3.000000000000000000e+00
0.000000000000000000e+00 1.000000000000000000e+00 1.000000000000000000e+00 0.000000000000000000e+00 0.000000000000000000e+00 0.000000000000000000e+00 0.000000000000000000e+00 0.000000000000000000e+00 0.000000000000000000e+00 0.000000000000000000e+00
0.000000000000000000e+00 0.000000000000000000e+00 0.000000000000000000e+00 1.000000000000000000e+00 1.000000000000000000e+00 1.000000000000000000e+00 1.000000000000000000e+00 1.000000000000000000e+00 1.000000000000000000e+00 1.000000000000000000e+00
0.000000000000000000e+00 -1.000000000000000000e+00 -1.000000000000000000e+00 -2.000000000000000000e+00 -2.000000000000000000e+00 -2.000000000000000000e+00 -2.000000000000000000e+00 -3.000000000000000000e+00 -3.000000000000000000e+00 -3.000000000000000000e+00
-8.163265306122448328e-02 8.163265306122449161e-01 3.469387755102040782e-01 1.836734693877551117e-01 8.163265306122448328e-02 2.040816326530612082e-02 -2.040816326530612290e-01 -3.061224489795918435e-01 -8.775510204081632404e-01 -9.795918367346938549e-01
0.000000000000000000e+00 0.000000000000000000e+00 0.000000000000000000e+00 1.000000000000000000e+00 1.000000000000000000e+00 1.000000000000000000e+00 1.000000000000000000e+00 1.000000000000000000e+00 1.000000000000000000e+00 1.000000000000000000e+00
0.000000000000000000e+00 -1.000000000000000000e+00 -1.000000000000000000e+00 -2.000000000000000000e+00 -2.000000000000000000e+00 -2.000000000000000000e+00 -2.000000000000000000e+00 -3.000000000000000000e+00 -3.000000000000000000e+00 -3.000000000000000000e+00
